0.02087311763899538706698350033135107337
0.02087311763899538706698350033135107337
0.02086402273129619022774919542966405545
0.02086402273129619022774919542966405545
0.02084583687876277608392334011194757401
0.02084583687876277608392334011194757401
0.02081856800539839069422183416952420384
0.02081856800539839069422183416952420384
0.02078222799289187299532079378171954439
0.02078222799289187299532079378171954439
0.02073683267544052494255573893345499186
0.02073683267544052494255573893345499186
0.02068240183285078125187018323781293798
0.02068240183285078125187018323781293798
0.02061895918191968496702940529782248672
0.02061895918191968496702940529782248672
0.0205465323661009241763756954969262073
0.0205465323661009241763756954969262073
0.02046515294345993266811845788161369298
0.02046515294345993266811845788161369298
0.02037485637292330281683821936472051103
0.02037485637292330281683821936472051103
0.02027568199882850221193642337479280367
0.02027568199882850221193642337479280367
0.02016767303378062614761813556806945988
0.02016767303378062614761813556806945988
0.02005087653982365577127605111657462902
0.02005087653982365577127605111657462902
0.01992534340793442611181690210467997323
0.01992534340793442611181690210467997323
0.01979112833584823906199891088177098553
0.01979112833584823906199891088177098553
0.0196482898042257833513521752487830962
0.0196482898042257833513521752487830962
0.01949689005117174630267512825298324361
0.01949689005117174630267512825298324361
0.01933699504511622040137323274950613816
0.01933699504511622040137323274950613816
0.01916867445607072111113381253271470406
0.01916867445607072111113381253271470406
0.01899200162527134063207374963822587566
0.01899200162527134063207374963822587566
0.01880705353322226511157436288564588001
0.01880705353322226511157436288564588001
0.01861391076615357987932922678729831312
0.01861391076615357987932922678729831312
0.0184126574809079782854988404256466437
0.0184126574809079782854988404256466437
0.01820338136827167437641407439695155476
0.01820338136827167437641407439695155476
0.01798617361476549765174137559967237922
0.01798617361476549765174137559967237922
0.01776112886291281922015753372596614795
0.01776112886291281922015753372596614795
0.01752834517000162252157430826328777647
0.01752834517000162252157430826328777647
0.01728792396535868813201165969420590984
0.01728792396535868813201165969420590984
0.01703997000615451073727035416728432218
0.01703997000615451073727035416728432218
0.01678459133175820688514893337517197141
0.01678459133175820688514893337517197141
0.0165218992166623043424282868073098273
0.0165218992166623043424282868073098273
0.01625200812199792754089116478337193603
0.01625200812199792754089116478337193603
0.0159750356456615084563444116782014949
0.0159750356456615084563444116782014949
0.01569110247107475810026822658107417142
0.01569110247107475810026822658107417142
0.01540033231460023040767303714971375772
0.01540033231460023040767303714971375772
0.01510285187163539749269462023753496221
0.01510285187163539749269462023753496221
0.01479879076140873286186416796271912602
0.01479879076140873286186416796271912602
0.01448828147050186711155475666624142027
0.01448828147050186711155475666624142027
0.01417145929512243883470140715816122509
0.01417145929512243883470140715816122509
0.01384846228215281194405337884086505103
0.01384846228215281194405337884086505103
0.01351943116900036951539458159585034265
0.01351943116900036951539458159585034265
0.01318450932227562384964020681746215378
0.01318450932227562384964020681746215378
0.01284384267532490325576728616359394552
0.01284384267532490325576728616359394552
0.0124975796646448889008066512929781301
0.0124975796646448889008066512929781301
0.01214587116520678127309682078473224793
0.01214587116520678127309682078473224793
0.01178887042471837739508807640830833457
0.01178887042471837739508807640830833457
0.01142673299685284002897883179894899052
0.01142673299685284002897883179894899052
0.01105961667347344354977172712485107631
0.01105961667347344354977172712485107631
0.01068768141588409534667386865435069299
0.01068768141588409534667386865435069299
0.01031108928513596814364198558010657036
0.01031108928513596814364198558010658059
0.00993000437142115578921191500315280494
0.00993000437142115578921191500315280494
0.00954459272258491211669997891145570401
0.00954459272258491211669997891145570401
0.0091550222717887970052148404239448273
0.0091550222717887970052148404239448273
0.00876146276435801457446503973342726251
0.00876146276435801457446503973342726251
0.00836408568384751862175394361153582345
0.00836408568384751862175394361153582345
0.00796306417736330978394470316890299946
0.00796306417736330978394470316890299946
0.00755857298017816402795765148865766484
0.00755857298017816402795765148865766484
0.0071507883396855514632566727018007438
0.0071507883396855514632566727018007438
0.00673988793874310962334846632057049082
0.00673988793874310962334846632057049082
0.00632605081847039583739645885306272796
0.00632605081847039583739645885306272796
0.00590945730059010763931513384239918887
0.00590945730059010763931513384239918887
0.00549028890944868736682474569014809727
0.00549028890944868736682474569014809727
0.00506872829394558836959251731899480413
0.00506872829394558836959251731899480413
0.00464495914979654539534819114321573748
0.00464495914979654539534819114321573748
0.00421916614299191132721233200233885149
0.00421916614299191132721233200233885149
0.0037915348363451047247655558214931934
0.0037915348363451047247655558214931934
0.00336225162367783131764681176732600763
0.00336225162367783131764681176732600763
0.00293150368365586293326142036128862275
0.00293150368365586293326142036128862275
0.00249947898889445186473440469760153898
0.00249947898889445186473440469760153898
0.00206636649241381981047811574709878896
0.00206636649241381981047811574709878896
0.00163235699861050911087246566276381042
0.00163235699861050911087246566276381042
0.00119764748646962462825109107516861152
0.00119764748646962462825109107516861152
0.00076247209321211817251307370519810908
0.00076247209321211817251307370519810908
0.00032760867055376841516171382987189349
0.00032760867055376841516171382987189349
