0.0244461801962625182113258526106259518
0.0244461801962625182113258526106259518
0.02443156909785004505484856142864042781
0.02443156909785004505484856142864042781
0.02440235563384958209329798969420285459
0.02440235563384958209329798969420285459
0.02435855726469062585326852024628578702
0.02435855726469062585326852024628578702
0.02430020016797186532344260636384271989
0.02430020016797186532344260636384271989
0.02422731922281524812009330844178626148
0.02422731922281524812009330844178626148
0.0241399579890192849977166538904673096
0.0241399579890192849977166538904673096
0.02403816868102405263758731682050031223
0.02403816868102405263758731682050031223
0.02392201213670345567245040881707188916
0.02392201213670345567245040881707188916
0.02379155778100340063878070988541278084
0.02379155778100340063878070988541278084
0.02364688358444761514365139230286627568
0.02364688358444761514365140342637565443
0.02348807601653591315302527328178730928
0.02348807601653591315302527328178730928
0.02331522999406276012241567127279826347
0.02331522999406276012241567127279826347
0.02312844882438702787929790240276792768
0.02312844882438702787929790240276792768
0.02292784414368684692041098720932139935
0.02292784414368684692041098720932139935
0.02271353585023646130971263592293076907
0.02271353585023646130971263592293076907
0.02248565203274496687182460394058787751
0.02248565203274496687182460394058787751
0.02224432889379976510462913360719801103
0.02224432889379976510462913360719801103
0.0219897106684604914341221065991608021
0.0219897106684604914341221065991608021
0.02172194953805207537526095776761359535
0.02172194953805207537526095776761359535
0.0214412055392084601371118538780166341
0.0214412055392084601371118538780166341
0.02114764646822134853701953518039734533
0.02114764646822134853701953518039734533
0.02084144778075114911358394842289844165
0.02084144778075114911358394842289844165
0.02052279248696006943228496778816117223
0.02052279248696006943228496778816117223
0.02019187104213004118067315840611835116
0.02019187104213004118067315840611835116
0.0198488812328308622199444132648765365
0.0198488812328308622199444132648765365
0.01949402805870660282302191868121550695
0.01949402805870660282302191868121550695
0.01912752360995094548651853166784045842
0.01912752360995094548651853166784045842
0.01874958694054470865091954847384460785
0.01874958694054470865091954847384460785
0.0183604439373313432212892909913047551
0.0183604439373313432212892909913047551
0.01796032718500868594019692752496828903
0.01796032718500868594019692752496828903
0.01754947582711770464870692563437574932
0.01754947582711770464870692563437574932
0.01712813542311137683068098761884644315
0.01712813542311137683068098761884644315
0.01669655780158920458909150795379885918
0.01669655780158920458909150795379885918
0.01625500090978518705165745647705800686
0.01625500090978518705165745647705800686
0.01580372865939934685896563168738127271
0.01580372865939934685896563168738127271
0.0153430107688651440859908537414367496
0.0153430107688651440859908537414367496
0.01487312260214731425238549852007728657
0.01487312260214731425238549852007728657
0.01439434500416684617682389200853599502
0.01439434500416684617682389200853599502
0.01390696413295198524428800739560630903
0.01390696413295198524428800739560630903
0.01341127128861633231448895161616517706
0.01341127128861633231448895161616517706
0.01290756273926734722044283400386364685
0.01290756273926734722044283400386364685
0.0123961395439509229688217281973236532
0.0123961395439509229688217281973236532
0.01187730737274027957589110692557820738
0.01187730737274027957589110692557820738
0.01135137632408041669328166845253730962
0.01135137632408041669328166845253730962
0.01081866073950307624765964627746889874
0.01081866073950307624765964627746889874
0.01027947901583215713321534032638536952
0.01027947901583215713321534032638536952
0.00973415341500680586354826609355890472
0.00973415341500680586354826609355890472
0.00918300987166087433447874368842668322
0.00918300987166087433447874368842668322
0.00862637779861674970497884378196843964
0.00862637779861674970497884378196843964
0.00806458989048605797292859869786296105
0.00806458989048605797292859869786296105
0.00749798192563472868767196268847016484
0.00749798192563472868767196268847016484
0.00692689256689881356342667036032877528
0.00692689256689881356342667036032877528
0.00635166316170718878721432782623129279
0.00635166316170718878721432782623129279
0.00577263754286569858933461762606763943
0.00577263754286569858933461762606763943
0.00519016183267633020507076713484945586
0.00519016183267633020507076713484945586
0.00460458425670295511829054198028468849
0.00460458425670295511829054198028468849
0.00401625498373864231319434348630309963
0.00401625498373864231319434348630309963
0.00342552604091021577613517142931910365
0.00342552604091021577613517142931910365
0.00283275147145799109837095149950964137
0.00283275147145799109837095149950964137
0.00223828843096261876987294779449167754
0.00223828843096261876987294779449167754
0.00164250301866902953879087559480151599
0.00164250301866902953879087559480151599
0.00104581267934034877931317617601169285
0.00104581267934034877931317617601169285
0.00044938096029209037639429225650764243
0.00044938096029209037639429225650764243
