-0.01043693780425977212690421531804003567
0.01043693780425977212690421531804003567
-0.03130626579379715245684917357606946091
0.03130626579379715245684917357606946091
-0.05216195290789248290579221654689064647
0.05216195290789248290579221654689064647
-0.07299491183373581533161269940000522084
0.07299491183373581533161269940000522084
-0.09379606516172284796256226071087706515
0.09379606516172284796256226071087706515
-0.11455634934069557551086562805957872898
0.11455634934069557551086562805957872898
-0.13526671862714448995356534821416218933
0.13526671862714448995356534821416218933
-0.15591814902665157224412891554905467274
0.15591814902665157224412891554905467274
-0.17650164222585669597583141755993537356
0.17650164222585669597583141755993537356
-0.19700822951323419350324364310670969153
0.19700822951323419350324364310670969153
-0.21742897568697121039738076091869891865
0.21742897568697121039738076091869891865
-0.23775498294824509449460025813670780094
0.23775498294824509449460025813670780094
-0.25797739477820342770564138267596446719
0.25797739477820342770564138267596446719
-0.27808739979695741000918818678504292246
0.27808739979695741000918818678504292246
-0.29807623560290714233738434040065289416
0.29807623560290714233738434040065289416
-0.3179351925907259250241710358304195591
0.3179351925907259250241710358304195591
-0.33765561774633998738559336970383994121
0.33765561774633998738559336970383994121
-0.35722891841725008776138381292137187541
0.35722891841725008776138381292137187541
-0.37664656605655216766857660985951580264
0.37664656605655216766857660985951580264
-0.39590009993902570385244203227484126936
0.39590009993902570385244203227484126936
-0.41498113084767057303015906532299715414
0.41498113084767057303015906532299715414
-0.43388134472908612069204011047168883635
0.43388134472908612069204011047168883635
-0.45259250631609970185798574399327548623
0.45259250631609970185798574399327548623
-0.47110646271606623227899000864830498154
0.47110646271606623227899000864830498154
-0.48941514696327524702203678171998976856
0.48941514696327524702203678171998976856
-0.50751058153391760318114964458310797359
0.50751058153391760318114964458310797359
-0.52538488182208027782936109676548871314
0.52538488182208027782936109676548871314
-0.54303025957525469418062104511726119319
0.54303025957525469418062104511726119319
-0.56043902628786165091111159774166645738
0.56043902628786165091111159774166645738
-0.57760359655131422404917480952806546947
0.57760359655131422404917480952806546947
-0.59451649135915894988169096354189386198
0.59451649135915894988169096354189386198
-0.6111703413658551726746523249679872091
0.6111703413658551726746523249679872091
-0.62755789009777264463264188961265367553
0.62755789009777264463264188961265367553
-0.64367199711500828770705839846219070833
0.64367199711500828770705839846219070833
-0.65950564112264446035160232899548156231
0.65950564112264446035160232899548156231
-0.67505192303009310642059989173882179053
0.67505192303009310642059989173882179053
-0.69030406895719278971628822477434192999
0.69030406895719278971628822477434192999
-0.70525543318574882534668031744041469117
0.70525543318574882534668031744041469117
-0.71989950105523050231132200834803248351
0.71989950105523050231132200834803248351
-0.73422989180136373423374860152874380167
0.73422989180136373423374860152874380167
-0.74824036133638237406080770023138646357
0.74824036133638237406080770023138646357
-0.76192480496972686967952833879248589172
0.76192480496972686967952833879248589172
-0.77527726006800491269797227029055606733
0.77527726006800491269797227029055606733
-0.78829190865305523494986682083831561789
0.78829190865305523494986682083831561789
-0.80096307993698272164861136947562791403
0.80096307993698272164861136947562791403
-0.8132852527930605414380677155301851046
0.8132852527930605414380677155301851046
-0.82525305816142301987050904592825717648
0.82525305816142301987050904592825717648
-0.83686128138850151727600251496742061538
0.83686128138850151727600251496742061538
-0.84810486449918460232177966048969176649
0.84810486449918460232177966048969176649
-0.85897890840071335419384406930025255847
0.85897890840071335419384406930025255847
-0.86947867501735269039933061591678802347
0.86947867501735269039933061591678802347
-0.87959958935491023699010775759889128133
0.87959958935491023699010775759889128133
-0.8893372414942054865505714139595809411
0.8893372414942054865505714139595809411
-0.89868738851262391873611297734606767832
0.89868738851262391873611297734606767832
-0.90764595633292354182628807579518107094
0.90764595633292354182628807579518107094
-0.91620904149849520869353285137506991755
0.91620904149849520869353285137506991755
-0.92437291287431350040475570001282459981
0.92437291287431350040475570001282459981
-0.93213401327285269823537644440199485264
0.93213401327285269823537644440199485264
-0.93948896100428367800093574362217879864
0.93948896100428367800093574362217879864
-0.94643455135031477969416280434130577049
0.94643455135031477969416280434130577049
-0.95296775796109710802795045330807093053
0.95296775796109710802795045330807093053
-0.95908573417469040401019098722838515073
0.95908573417469040401019098722838515073
-0.96478581425869560966988730837927676185
0.96478581425869560966988730837927676185
-0.97006551457383732684203885279710792848
0.97006551457383732684203885279710792848
-0.97492253465959427827633014962656566563
0.97492253465959427827633014962656566563
-0.97935475824258939415183819720313134136
0.97935475824258939415183819720313134136
-0.98336025416975291657601107617305154542
0.98336025416975291657601107617305154542
-0.98693727727127943853671177465460265716
0.98693727727127943853671177465460265716
-0.99008426916601918857228942112776048041
0.99008426916601918857228942112776048041
-0.99279985904343725051697885096943461289
0.99279985904343725051697885096943461289
-0.99508286452552895395329361022691338793
0.99508286452552895395329361022691338793
-0.99693229297759962992688985699750595624
0.99693229297759962992688985699750595624
-0.99834734493408336810767253943924788554
0.99834734493408336810767253943924788554
-0.99932743050659470648882828639054063717
0.99932743050659470648882828639054063717
-0.9998723404457333527514820430166385325
0.9998723404457333527514820430166385325
