-0.01222369896061576419805211966740663173
0.01222369896061576419805211966740663173
-0.03666379096873349333021534878943792034
0.03666379096873349333021534878943792034
-0.06108196960413956810378702352230383563
0.06108196960413956810378702352230383563
-0.08546364050451549863649803438425371531
0.08546364050451549863649803438425371531
-0.10979423112764374667297458444312481792
0.10979423112764374667297458444312481792
-0.1340591994611877851175747241969412546
0.1340591994611877851175747241969412546
-0.15824404271422493399747545213946614979
0.15824404271422493399747545213946614979
-0.18233430598533718234059694322013245699
0.18233430598533718234059694322013245699
-0.2063155909020792171540580108279520256
0.2063155909020792171540580108279520256
-0.23017356422665998641098657028790456923
0.23017356422665998641098657028790456923
-0.25389396642269432081753152369631513078
0.25389396642269432081753152369631513078
-0.27746262017790440280618744692302707202
0.27746262017790440280618744692302707202
-0.30086543887767720266669088360940887031
0.30086543887767720266669088360940887031
-0.32408843502441337518285183045650406314
0.32408843502441337518285183045650406314
-0.34711772859763550842616276861119096092
0.34711772859763550842616276861119096092
-0.36993955534985902661659154442486831121
0.36993955534985902661659154442486831121
-0.39254027503326744273540217866916811572
0.39254027503326744273540217866916811572
-0.41490637955227501549227387924596134387
0.41490637955227501549227387924596134387
-0.43702450103710416289927299447500771362
0.43702450103710416289927299447500771362
-0.45888141983355219544908832811068857971
0.45888141983355219544908832811068857971
-0.48046407240417202576074678648740395927
0.48046407240417202576074678648740395927
-0.50175955913614446428960627141175428816
0.50175955913614446428960627141175428816
-0.52275515205117547845390935951758190272
0.52275515205117547845390935951758190272
-0.54343830241281036344419362717207894976
0.54343830241281036344419362717207894976
-0.56379664822661808391442010544253535982
0.56379664822661808391442010544253535982
-0.58381802162876308955009472016008604165
0.58381802162876308955009472016008604165
-0.60349045615854862420357342033443011075
0.60349045615854862420357342033443011075
-0.62280219391058491076153959870125402085
0.62280219391058491076153959870125402085
-0.64174169256230755715352491617731540967
0.64174169256230755715352491617731540967
-0.66029763227264605210594683993891955263
0.66029763227264605210594683993891955263
-0.67845892244771925936781184364418560527
0.67845892244771925936781184364418560527
-0.69621470836951433238508660267956573052
0.69621470836951433238508660267956573052
-0.71355437768358741334385991303085387673
0.71355437768358741334385991303085387673
-0.73046756674190880647173694295443973253
0.73046756674190880647173694295443973253
-0.74694416679706198117194591531366266517
0.74694416679706198117194591531366266517
-0.7629743300440947227797691437611622764
0.7629743300440947227797691437611622764
-0.77854847550641196685049406669928605222
0.77854847550641196685049406669928605222
-0.79365729476219329024334934477004411834
0.79365729476219329024334934477004411834
-0.80829175750791366011964224858141729026
0.80829175750791366011964224858141729026
-0.82244311695564384246459418589657341083
0.82244311695564384246459418589657341083
-0.83610291506090684711687530981390927555
0.83610291506090684711687530981390927555
-0.84926298757796896916360205795904878062
0.84926298757796896916360205795904878062
-0.86191546893954846059065004725567603788
0.86191546893954846059065004725567603788
-0.87405279695803179869541795483844050805
0.87405279695803179869541795483844050805
-0.88566771734539721741752369543768149563
0.88566771734539721741752369543768149563
-0.89675328804915818438644739762604604136
0.89675328804915818438644739762604604136
-0.90730288340175681392148594818385054026
0.90730288340175681392148594818385054026
-0.91731019808096053703893878735462478969
0.91731019808096053703893878735462478969
-0.92676925087894784333462465423369898522
0.92676925087894784333462465423369898522
-0.93567438827791637578315627574432349638
0.93567438827791637578315627574432349638
-0.94402028783022018212961997694059098975
0.94402028783022018212961997694059098975
-0.95180196134126438621779630159341205721
0.95180196134126438621779630159341205721
-0.95901475785369992809891855392753950191
0.95901475785369992809891855392753950191
-0.96565436643196526864582902784335276735
0.96565436643196526864582902784335276735
-0.97171681874713658090433836440079123869
0.97171681874713658090433836440079123869
-0.97719849146390738725840779430374337091
0.97719849146390738725840779430374337091
-0.98209610843571853602477322009090048049
0.98209610843571853602477322009090048049
-0.98640674272458620887123591160551825753
0.98640674272458620887123591160551825753
-0.99012781849173438334313611105887961897
0.99012781849173438334313611105887961897
-0.9932571129002129353108059868636817767
0.9932571129002129353108059868636817767
-0.99579275853498118691360843892396260963
0.99579275853498118691360843892396260963
-0.99773324862551401988215744334770414745
0.99773324862551401988215744334770414745
-0.99907745997737589501198804413303119236
0.99907745997737589501198804413303119236
-0.99982488794713191447360808298831172812
0.99982488794713191447360808298831172812
