3.10424251125  0.787070916473
3.37134535908  0.590514413631
3.61168254489  0.464776720727
3.90541261165  0.348707272706
4.17246931178  0.265833709767
4.43952601192  0.202655828484
4.67986319773  0.159504508654
4.9735009691  0.123553319884
5.2938582548  0.0926981479262
5.53414929291  0.0741339824732
5.88108764985  0.0565153443109
6.22825674525  0.0397789558795
6.65530749746  0.0279988620817
7.05563873535  0.0203466165754
7.45592382554  0.015023683637
7.90964794438  0.0104071310298
8.44320757232  0.0073251753327
8.89679324808  0.00532316397027
9.51032682822  0.00362904227808
10.0972331894  0.00247408269399
10.7640212074  0.00168669436939
11.4574825921  0.00113168659034
12.0708777291  0.000809367163049
12.7642006707  0.000569682111324
13.3508301457  0.00042741446912
14.0707341585  0.000305681130511
14.8972393424  0.000211749904713
15.5104960364  0.000158869255871
16.150287654  0.000123061248588
