0.125   3.8      0.4     0.4   0.5   0.5
0.375   9.2      0.7     0.7   1.1   1.1
0.625   15.4     0.9     0.9   1.9   1.9
0.875   19.3     1.1     1.1   2.3   2.3
1.125   22.4     1.2     1.2   2.7   2.7
1.375   18.7     1.2     1.2   2.3   2.3
1.625   16.8     1.2     1.2   2.0   2.0
1.875   16.1     1.2     1.2   2.0   2.0
2.125   12.7     1.1     1.1   1.6   1.6
2.375   9.9      1.1     1.1   1.2   1.2
2.625   9.2      1.0     1.0   1.1   1.1
2.875   6.6      1.0     1.0   0.8   0.8
3.125   5.7      0.8     0.8   0.7   0.7
3.375   4.2      0.8     0.7   0.5   0.5
3.625   3.1      0.6     0.6   0.39   0.39
3.875   2.6      0.6     0.6   0.33   0.33
4.125   1.8      0.6     0.6   0.23   0.23
4.375   1.2      0.5     0.5   0.15   0.15
4.625   1.4      0.4     0.4   0.17   0.17
4.875   0.9      0.4     0.4   0.12   0.115
5.500   0.47     0.11    0.11   0.06   0.06
6.500   0.17     0.05    0.05   0.025   0.022
7.500   0.074    0.032   0.034   0.011   0.010
8.500   0.020    0.012   0.020   0.003   0.003
