        1.375	1.25	1.5		1.38	1.38	1.38	6.6	+0.7	-0.7	+0.77	-0.67	66.8	+1.5	-1.5	+9.2	-9.1
	1.625	1.5	1.75		1.63	1.63	1.63	6.62	+0.44	-0.44	+0.71	-0.62	68.6	+1.5	-1.5	+8.2	-8.0
	1.875	1.75	2.0		1.87	1.87	1.87	5.93	+0.38	-0.38	+0.62	-0.56	67.0	+1.3	-1.3	+7.9	-7.7
	2.125	2.0	2.25		2.13	2.13	2.13	6.58	+0.34	-0.34	+0.67	-0.56	62.5	+0.7	-0.7	+7.5	-7.4
	2.375	2.25	2.5		2.38	2.38	2.38	5.83	+0.3	-0.3	+0.57	-0.5	61.5	+0.9	-0.9	+7.3	-7.2
	2.625	2.5	2.75		2.62	2.62	2.62	5.5	+0.26	-0.26	+0.51	-0.45	52.1	+0.8	-0.8	+5.2	-5.2
	2.875	2.75	3.0		2.87	2.87	2.87	4.86	+0.23	-0.23	+0.44	-0.38	47.1	+0.7	-0.7	+4.4	-4.4
	3.125	3.0	3.25		3.12	3.12	3.12	4.5	+0.2	-0.2	+0.25	-0.21	39.1	+0.6	-0.6	+3.0	-3.0
	3.375	3.25	3.5		3.38	3.38	3.38	3.94	+0.17	-0.17	+0.23	-0.18	33.4	+0.5	-0.5	+2.8	-2.8
	3.625	3.5	3.75		3.62	3.62	3.62	3.34	+0.15	-0.15	+0.21	-0.16	28.2	+0.4	-0.4	+2.1	-2.1
	3.875	3.75	4.0		3.87	3.87	3.87	3.28	+0.14	-0.14	+0.16	-0.16	22.9	+0.3	-0.3	+1.6	-1.6
	4.125	4.0	4.25		4.12	4.12	4.12	2.45	+0.11	-0.11	+0.15	-0.15	20.1	+0.4	-0.4	+1.5	-1.5
	4.375	4.25	4.5		4.38	4.38	4.38	2.22	+0.1	-0.1	+0.11	-0.11	16.5	+0.3	-0.3	+1.2	-1.2
	4.625	4.5	4.75		4.62	4.62	4.62	1.99	+0.09	-0.09	+0.1	-0.1	14.1	+0.3	-0.3	+1.0	-1.0
	4.875	4.75	5.0		4.88	4.88	4.88	1.84	+0.08	-0.08	+0.1	-0.1	11.5	+0.3	-0.3	+0.8	-0.8
	5.25	5.0	5.5		5.24	5.24	5.24	1.38	+0.05	-0.05	+0.06	-0.06	8.92	+0.13	-0.13	+0.52	-0.52
	5.75	5.5	6.0		5.74	5.74	5.74	1.07	+0.04	-0.04	+0.05	-0.05	6.21	+0.1	-0.1	+0.37	-0.37
	6.25	6.0	6.5		6.24	6.24	6.24	0.817	+0.031	-0.031	+0.038	-0.038	4.29	+0.07	-0.07	+0.24	-0.24
	6.75	6.5	7.0		6.74	6.74	6.74	0.61	+0.025	-0.025	+0.026	-0.026	2.93	+0.06	-0.06	+0.17	-0.17
	7.5	7.0	8.0		7.45	7.45	7.45	0.447	+0.014	-0.014	+0.022	-0.022	1.82	+0.02	-0.02	+0.11	-0.11
	8.5	8.0	9.0		8.46	8.46	8.46	0.246	+0.009	-0.009	+0.01	-0.01	0.894	+0.015	-0.015	+0.047	-0.047
	9.5	9.0	10.0		9.46	9.46	9.46	0.149	+0.007	-0.007	+0.006	-0.006	0.473	+0.01	-0.01	+0.024	-0.024
	11.0	10.0	12.0		10.8	10.8	10.8	0.074	+0.003	-0.003	+0.003	-0.003	0.204	+0.004	-0.004	+0.01	-0.01
	13.0	12.0	14.0		12.8	12.8	12.8	0.034	+0.002	-0.002	+0.001	-0.001	0.069	+0.002	-0.002	+0.003	-0.003
	15.5	14.0	17.0		15.4	15.4	15.4	0.0143	+9.0E-4	-9.0E-4	+7.0E-4	-7.0E-4	0.023	+0.001	-0.001	+0.001	-0.001
	18.5	17.0	20.0		18.3	18.3	18.3	0.0062	+6.0E-4	-6.0E-4	+4.0E-4	-4.0E-4	0.0078	+6.0E-4	-6.0E-4	+6.0E-4	-6.0E-4