-5     0.103459  4.55019e-08   1.70643e-08   37.41   
-4.5     0.0627495  4.55006e-08   1.70645e-08   60.2542   
-4     0.0380576  4.54985e-08   1.70649e-08   85.6981   
-3.5     0.0230813  4.5495e-08   1.70655e-08   110.472   
-3     0.0139976  4.54893e-08   1.70665e-08   132.487   
-2.5     0.00848815  4.54798e-08   1.70682e-08   150.908   
-2     0.00514647  4.54643e-08   1.70709e-08   165.828   
-1.5     0.00311964  4.54389e-08   1.70755e-08   178.333   
-1     0.00189031  4.53975e-08   1.70833e-08   187.698   
-0.5     0.00114468  4.53305e-08   1.70967e-08   194.996   
0     0.000692449  4.52232e-08   1.71201e-08   199.053   
0.5     0.000418166  4.50552e-08   1.71624e-08   199.945   
1     0.000251824  4.48023e-08   1.72423e-08   198.563   
1.5     0.000150964  4.44494e-08   1.74025e-08   194.48   
2     8.9841e-05  4.40374e-08   1.77466e-08   187.769   
2.5     5.28516e-05  4.38001e-08   1.85441e-08   173.58   
3     3.05508e-05  4.45222e-08   2.05533e-08   157.493   
3.5     1.7238e-05  4.83598e-08   2.61321e-08   141.105   
4     9.49968e-06  6.03151e-08   4.39435e-08   119.789   
4.5     5.36774e-06  8.96636e-08   1.17215e-07   96.9723  