///===============================================================================================================================//
//================================================================================================================================//
 cout<<DSigmaDPtDY_Pt_1S0_8_Fit[i]<<"   "<<DSigmaDPtDY_Pt_3P0_8_Fit[i]<<"  "<<DSigmaDPtDY_Pt_3P1_8_Fit[i]<<"  "<<DSigmaDPtDY_Pt_3P2_8_Fit[i]<<"  "<<DSigmaDPtDY_Pt_3PJ_8_1S0_8_Fit[i]<<endl;
//=============== PDF MRST98 =====================//
334.964   264.4  6.73732  69.3308  1.37599
86.7657   47.4885  2.75413  13.6838  1.04489
25.3763   10.2905  1.01265  3.19698  0.843409
8.36377   2.70628  0.380277  0.888855  0.723814
3.09005   0.847037  0.152103  0.289546  0.650039
1.25584   0.304786  0.0650512  0.107274  0.602501
0.554909   0.123041  0.029718  0.0442567  0.570358
0.26373   0.0546343  0.0144698  0.0199819  0.548031
0.133539   0.0262626  0.00746628  0.00973179  0.532107
0.0712892   0.0134657  0.00405203  0.00504272  0.520649
0.0399565   0.00731057  0.00230766  0.00276102  0.512356
0.0232829   0.00415271  0.00136685  0.00157945  0.506467
0.0140474   0.00245419  0.000839001  0.000938903  0.50239
0.00874782   0.00150256  0.00053191  0.000577644  0.499662
0.00558789   0.000946365  0.000345941  0.000365329  0.497937
0.0036583   0.00061229  0.000230594  0.000237201  0.496976
0.00244704   0.000405481  0.00015707  0.000157557  0.496637
0.00166906   0.000274215  0.000109057  0.000106828  0.496737
//========================== PDF cteq6mE =======================//
NXX  999
236.853   187.963  5.25583  50.2549  1.40262
65.9034   36.2244  2.24188  10.5708  1.0614
20.0079   8.1262  0.837945  2.54004  0.85174
6.794   2.19724  0.319858  0.722813  0.727649
2.57034   0.703614  0.129715  0.24036  0.651795
1.06913   0.259059  0.0562946  0.0910233  0.603064
0.482018   0.106718  0.0260693  0.0383073  0.570243
0.232779   0.0481572  0.0128201  0.0175753  0.547317
0.119248   0.0234238  0.00666212  0.00866138  0.530953
0.0642782   0.0121279  0.00364016  0.00453201  0.5192
0.0362129   0.00661901  0.00208078  0.00249479  0.510817
0.021203   0.00377824  0.00123804  0.00143424  0.504946
0.0128408   0.00224149  0.000763046  0.000855955  0.500962
0.00801114   0.00137498  0.000484985  0.000527698  0.498391
0.00513105   0.000868387  0.000316626  0.000334699  0.496867
0.00336425   0.000562714  0.000211621  0.000217677  0.496116
0.00225247   0.000373026  0.000144391  0.000144753  0.495934
0.00153686   0.000252364  0.000100344  9.81972e-05  0.496168


///=====================================================================================================================///
///=====================================================================================================================///
